autotemplates/template01.png 212 86 360 303
autotemplates/template02.png 247 27 351 172
autotemplates/template04.png 98 49 250 240
autotemplates/template05.png 316 168 602 527
autotemplates/template06.png 343 130 586 389 932 183 1289 563 132 443 602 914
autotemplates/template07.png 312 51 472 254
autotemplates/template08.png 186 217 384 430
autotemplates/template09.png 644 9 868 272 101 208 263 383
autotemplates/template10.png 170 125 326 310
autotemplates/template11.png 102 15 130 54
autotemplates/template12.png 448 164 510 241 141 198 201 283 644 204 710 279 84 292 120 337
autotemplates/template13.png 1218 162 1454 449
autotemplates/template14.png 267 36 367 175 276 194 346 287
autotemplates/template15.png 154 29 210 102 495 39 585 150 300 78 372 181 606 99 700 206
autotemplates/template16.png 295 140 391 247 105 154 189 249
autotemplates/template17.png 347 216 555 422 318 711 543 943
autotemplates/template18.png 246 24 344 135 1037 384 1103 442
autotemplates/template19.png 329 44 504 214
autotemplates/template20.png 126 275 301 446
autotemplates/template21.png 174 43 226 92 124 94 185 157 278 103 330 154 367 133 429 197
autotemplates/template22.png 192 63 266 146 8 83 72 152 475 106 509 158 374 114 435 189
autotemplates/template23.png 384 160 496 280 226 171 323 260 538 195 653 308 462 312 552 397
autotemplates/template24.png 135 98 209 166 250 139 316 207
autotemplates/template26.png 973 305 1196 645
autotemplates/template03.png 184 81 340 278 564 313 672 442
autotemplates/template25.png 597 38 649 103 77 115 126 194 414 166 461 220 262 193 311 258
autotemplates/template27.png 657 385 847 690
autotemplates/template28.png 481 7 513 49 374 36 402 61 350 63 373 90 131 70 175 118 127 145 160 174 393 186 435 240
autotemplates/template29.png 661 17 951 345 235 44 402 285
autotemplates/template30.png 110 5 140 42 148 31 177 58
autotemplates/template31.png 222 96 378 273
autotemplates/template32.png 309 30 386 110 215 85 296 177 116 106 200 202 388 210 474 321 197 224 270 310 698 231 781 304 893 236 983 344 1137 242 1200 349 613 311 708 420 777 363 846 466 760 478 844 570 611 530 735 649
autotemplates/template33.png 85 92 161 170 195 98 261 175 283 165 358 240
autotemplates/template34.png 56 69 144 156 435 128 508 215
autotemplates/template35.png 592 77 727 293 909 342 1057 535 797 639 932 806
autotemplates/template36.png 687 130 745 195 447 158 517 235 137 194 207 275 636 216 701 276 77 279 128 340
autotemplates/template37.png 174 47 222 95 125 100 185 158 281 104 323 158 367 141 416 199
autotemplates/template38.png 924 52 1009 153 437 140 533 242 245 150 328 234 666 177 751 268 760 221 827 308
autotemplates/template39.png 278 172 393 315 14 375 108 505 347 524 440 632
autotemplates/template40.png 335 6 418 75 537 78 633 178 366 114 436 198 15 143 88 236 442 145 533 247 96 167 177 255
autotemplates/template41.png 225 144 276 208 639 199 712 275 347 240 416 315 465 269 540 352
autotemplates/template42.png 791 328 962 529 481 333 650 555 207 388 373 635 1009 396 1230 646 1471 420 1564 545
autotemplates/template43.png 577 66 656 137 62 155 137 237 408 193 469 260 257 230 320 294
autotemplates/template44.png 394 34 461 107 551 115 615 182 218 167 281 236 347 209 404 269
autotemplates/template45.png 78 34 176 163 188 36 266 159
autotemplates/template46.png 427 105 586 339 334 454 562 659
autotemplates/template47.png 213 301 292 383 202 472 279 555 610 574 680 660
autotemplates/template48.png 371 52 488 249 269 362 343 507
autotemplates/template49.png 1407 525 1586 725 952 597 1148 808
autotemplates/template50.png 150 42 287 196 98 226 211 344
autotemplates/template51.png 325 53 418 127 96 153 213 261
autotemplates/template52.png 351 78 436 201 64 171 147 263
autotemplates/template53.png 326 89 484 270 340 280 441 405
autotemplates/template54.png 149 309 338 521 442 383 696 628
autotemplates/template55.png 446 64 531 170 763 141 830 229 614 235 703 328 532 244 596 323 101 279 194 377
autotemplates/template56.png 414 94 491 193 98 153 234 298
autotemplates/template57.png 153 114 243 227
autotemplates/template58.png 189 157 304 270 402 183 499 285
autotemplates/template59.png 651 53 706 115 609 83 644 139 457 114 505 177 326 126 381 174 408 188 478 265 328 197 392 273 120 201 209 296
autotemplates/template60.png 77 41 139 127 111 213 178 260
